Districts,Average Family Size,Distances,Waste,GasConsumption
Bakırköy,2.87,2057.7,39789365.0,180569905
Beşiktaş,2.47,150.0,36745978.5,155364950
Beykoz,3.29,2836.2,23152626.0,134096902
Beyoğlu,3.11,382.3,50934234.0,102610446
Çatalca,2.79,6530.0,7699068.0,5845883
Fatih,3.21,1332.8,78529919.0,159026591
Gaziosmanpaşa,3.61,1870.1,10415544.0,144172449
Kartal,3.2,1948.5,40555155.0,151409023
Sarıyer,3.09,1664.4,28084131.0,185898510
Silivri,3.15,8202.3,2959872.0,89135959
Şile,2.66,6933.7,7219239.0,27434985
Şişli,2.69,579.1,50864911.5,159299768
Üsküdar,3.11,828.7,41279430.0,210159134
Zeytinburnu,3.72,1524.6,36967953.0,99874216
Büyükçekmece,3.29,5060.2,14235393.0,103987842
Kağıthane,3.33,800.6,28481614.5,148495227
Küçükçekmece,3.46,3333.0,35570143.5,256603576
Pendik,3.49,2403.8,59829174.0,260462353
Ümraniye,3.43,1231.2,31851282.0,237214965
Bayrampaşa,3.46,1480.5,9241185.0,91972708
Avcılar,3.45,3657.6,22698126.0,148014282
Bağcılar,3.99,2782.9,9418054.5,194966321
Bahçelievler,3.49,1993.1,11198229.0,200595190
Güngören,3.44,1897.3,5933301.0,97040463
Maltepe,3.02,1525.1,42802488.0,171969204
Sultanbeyli,4.32,2074.0,11265297.0,83848593
Tuzla,3.33,3248.9,36188280.0,144262968
Esenler,3.83,2358.1,24872172.0,134219075
Ataşehir,3.18,946.2,21541611.0,153142032
Başakşehir,3.81,2857.4,28174360.5,136961550
Beylikdüzü,3.35,4837.5,27496058.5,143240045
Çekmeköy,3.45,3569.9,15580296.0,91679656
Esenyurt,3.66,4187.3,29878277.0,270391774
Sancaktepe,3.75,3219.3,13968219.0,104208849
Sultangazi,4.1,2328.1,33621519.0,140808461
